0,0,0,0,0,0.530503
0,0,0,0,1,0.294376
0,0,0,0,2,0.24033
0,0,0,0,3,0.684011
0,-1,0,0,0,0.641796
0,-1,0,0,1,0.272259
0,-1,0,0,2,0.3629
0,-1,0,0,3,0.317848
1,-1,0,0,0,0.196057
1,-1,0,0,1,0.289602
1,-1,0,0,2,0.25933
1,-1,0,0,3,0.428654
-1,1,0,-1,0,0.218226
-1,1,0,-1,1,0.447308
-1,1,0,-1,2,0.504925
-1,1,0,-1,3,0.224786
0,-2,0,0,0,0.473506
0,-2,0,0,1,0.205913
0,-2,0,0,2,0.302637
0,-2,0,0,3,0.360434
1,-2,0,0,0,0.322571
1,-2,0,0,1,0.126785
1,-2,0,0,2,0.220074
1,-2,0,0,3,0.275869
-1,2,0,-1,0,0.0747603
-1,2,0,-1,1,0.399801
-1,2,0,-1,2,0.227006
-1,2,0,-1,3,0.0919478
2,-2,0,0,0,0.20663
2,-2,0,0,1,0.104342
2,-2,0,0,2,0.0499475
2,-2,0,0,3,0.238275
0,-3,0,0,0,0.266427
0,-3,0,0,1,0.194193
0,-3,0,0,2,0.143841
0,-3,0,0,3,0.304442
1,-3,0,0,0,0.276754
1,-3,0,0,1,0.124633
1,-3,0,0,2,0.07938
1,-3,0,0,3,0.259215
-1,3,0,-1,0,0.0555466
-1,3,0,-1,1,0.221336
-1,3,0,-1,2,0.0821454
-1,3,0,-1,3,-0.00273061
-2,2,0,-2,0,-0.0033835
-2,2,0,-2,1,0.318588
-2,2,0,-2,2,0.1869
-2,2,0,-2,3,0.0476059
2,-3,0,0,0,0.0593363
2,-3,0,0,1,-0.024916
2,-3,0,0,2,-0.0289413
2,-3,0,0,3,0.185442
-3,2,-1,0,0,-0.0347455
-3,2,-1,0,1,0.173405
-3,2,-1,0,2,-1.4503
-3,2,-1,0,3,-0.0144088
0,4,0,0,0,-0.11923
0,4,0,0,1,0.0539739
0,4,0,0,2,-0.0556905
0,4,0,0,3,-0.00153622
1,-4,0,0,0,0.230707
1,-4,0,0,1,-0.0118758
1,-4,0,0,2,-0.00707549
1,-4,0,0,3,0.254599
-3,-3,0,0,0,0.120685
-3,-3,0,0,1,-0.114555
-3,-3,0,0,2,0.158439
-3,-3,0,0,3,-0.0850951
-3,3,0,-1,0,-0.147591
-3,3,0,-1,1,0.0667393
-3,3,0,-1,2,0.0275948
-3,3,0,-1,3,-0.114181
2,-4,0,0,0,0.0927639
2,-4,0,0,1,-0.091898
2,-4,0,0,2,-0.106879
2,-4,0,0,3,0.0582506
-2,4,0,-1,0,-0.277877
-2,4,0,-1,1,0.038781
-2,4,0,-1,2,0.0409524
-2,4,0,-1,3,-0.119193
-3,3,-2,0,0,-0.143555
-3,3,-2,0,1,0.0159691
-3,3,-2,0,2,0.0883591
-3,3,-2,0,3,-0.172524
2,-4,0,-2,0,0.186473
2,-4,0,-2,1,-0.104671
2,-4,0,-2,2,-0.119888
2,-4,0,-2,3,0.0729902
3,-4,0,0,0,-0.0263659
3,-4,0,0,1,-0.181271
3,-4,0,0,2,-0.200244
3,-4,0,0,3,-0.0164997
1,-5,0,0,0,0.113502
1,-5,0,0,1,-0.0933933
1,-5,0,0,2,-0.102807
1,-5,0,0,3,0.105463
-5,1,-1,0,0,-0.132277
-5,1,-1,0,1,0.0144122
-5,1,-1,0,2,0.0737876
-5,1,-1,0,3,-0.127905
2,-5,0,0,0,-0.0203936
2,-5,0,0,1,-0.190046
2,-5,0,0,2,-0.181718
2,-5,0,0,3,-0.00742954
2,5,0,-1,0,-0.37989
2,5,0,-1,1,-0.164128
2,5,0,-1,2,-0.299583
2,5,0,-1,3,-0.164933
4,4,0,0,0,-0.357895
4,4,0,0,1,-0.22956
4,4,0,0,2,-0.353105
4,4,0,0,3,-0.211146
-4,4,-1,0,0,-0.28184
-4,4,-1,0,1,-0.124915
-4,4,-1,0,2,-0.117259
-4,4,-1,0,3,-0.260988
3,-5,0,0,0,-0.0896639
3,-5,0,0,1,-0.275232
3,-5,0,0,2,-0.266889
3,-5,0,0,3,-0.100383
5,3,0,-1,0,-0.36769
5,3,0,-1,1,-0.214229
5,3,0,-1,2,-0.364123
5,3,0,-1,3,-0.106337
0,-6,0,0,0,0.086143
0,-6,0,0,1,-0.107814
0,-6,0,0,2,-0.0851521
0,-6,0,0,3,-0.109143
1,-6,0,0,0,0.0119213
1,-6,0,0,1,-0.193333
1,-6,0,0,2,-0.177124
1,-6,0,0,3,-1.59221
6,1,0,-1,0,-0.29239
6,1,0,-1,1,-0.196969
6,1,0,-1,2,-0.269414
6,1,0,-1,3,-0.182013
2,-6,0,0,0,-0.102487
2,-6,0,0,1,-0.250867
2,-6,0,0,2,-0.263881
2,-6,0,0,3,-0.105276
-4,-5,0,0,0,-0.125116
-4,-5,0,0,1,-0.32033
-4,-5,0,0,2,-0.181796
-4,-5,0,0,3,-0.311112
-5,4,-1,0,0,-0.352938
-5,4,-1,0,1,-0.174673
-5,4,-1,0,2,-0.209399
-5,4,-1,0,3,-0.339958
6,-2,-2,0,0,-0.23657
6,-2,-2,0,1,-0.294795
6,-2,-2,0,2,-50.32
6,-2,-2,0,3,-0.0948856
3,-6,0,0,0,-0.169029
3,-6,0,0,1,-0.324122
3,-6,0,0,2,-0.338667
3,-6,0,0,3,-0.183321
-3,6,-1,0,0,-0.347646
-3,6,-1,0,1,-0.209534
-3,6,-1,0,2,-1.00306
-3,6,-1,0,3,-0.354707
0,-7,0,0,0,-0.0428136
0,-7,0,0,1,-0.201574
0,-7,0,0,2,-0.193306
0,-7,0,0,3,-0.209128
-1,-7,0,0,0,-0.124084
-1,-7,0,0,1,-0.297126
-1,-7,0,0,2,-0.128651
-1,-7,0,0,3,-0.264431
7,1,0,-1,0,-0.362081
7,1,0,-1,1,-0.286662
7,1,0,-1,2,-0.279824
7,1,0,-1,3,-0.203769
4,-6,0,0,0,-0.261948
4,-6,0,0,1,-0.37054
4,-6,0,0,2,-0.397827
4,-6,0,0,3,-0.283655
7,-2,0,0,0,-0.284193
7,-2,0,0,1,-0.352053
7,-2,0,0,2,-0.269183
7,-2,0,0,3,-0.24148
7,2,0,-1,0,-0.40671
7,2,0,-1,1,-0.309626
7,2,0,-1,2,-0.287638
7,2,0,-1,3,-0.271041
-4,6,0,-2,0,-0.413563
-4,6,0,-2,1,-0.233181
-4,6,0,-2,2,-0.275076
-4,6,0,-2,3,-0.425027
-7,-2,0,-2,0,-1.76003
-7,-2,0,-2,1,-0.339578
-7,-2,0,-2,2,-0.127365
-7,-2,0,-2,3,-0.334894
3,-7,0,0,0,-0.269519
3,-7,0,0,1,-0.398448
3,-7,0,0,2,-0.388201
3,-7,0,0,3,-0.260994
7,3,0,-1,0,-1.22828
7,3,0,-1,1,-0.345358
7,3,0,-1,2,-0.407627
7,3,0,-1,3,-0.301199
5,-6,0,0,0,-0.335844
5,-6,0,0,1,-0.452671
5,-6,0,0,2,-0.457716
5,-6,0,0,3,-0.352961
-5,6,0,1,0,-0.471259
-5,6,0,1,1,-0.280818
-5,6,0,1,2,-0.340028
-5,6,0,1,3,-0.453804
0,-8,0,0,0,-0.11183
0,-8,0,0,1,-0.219837
0,-8,0,0,2,-0.269234
0,-8,0,0,3,-0.284887
8,-1,0,0,0,-0.208365
8,-1,0,0,1,-0.296175
8,-1,0,0,2,-0.193911
8,-1,0,0,3,-0.244757
8,1,-1,0,0,-0.315641
8,1,-1,0,1,-0.251957
8,1,-1,0,2,-0.19752
8,1,-1,0,3,-0.304213
2,-8,0,0,0,-0.261748
2,-8,0,0,1,-0.319574
2,-8,0,0,2,-0.390397
2,-8,0,0,3,-0.267724
2,-8,1,0,0,-0.262609
2,-8,1,0,1,-0.327642
2,-8,1,0,2,-0.395027
2,-8,1,0,3,-0.246628
6,-6,0,0,0,-0.399991
6,-6,0,0,1,-0.455222
6,-6,0,0,2,-0.489021
6,-6,0,0,3,-0.399664
3,-8,0,0,0,-0.341097
3,-8,0,0,1,-0.385833
3,-8,0,0,2,-0.445613
3,-8,0,0,3,-0.335053
7,-5,0,0,0,-0.398075
7,-5,0,0,1,-0.481895
7,-5,0,0,2,-0.423273
7,-5,0,0,3,-0.354057
-5,7,0,1,0,-0.455418
-5,7,0,1,1,-0.345134
-5,7,0,1,2,-0.362717
-5,7,0,1,3,-0.496001
-6,6,0,-2,0,-0.498368
-6,6,0,-2,1,-0.322969
-6,6,0,-2,2,-0.372359
-6,6,0,-2,3,-0.393812
3,-8,0,-2,0,-0.234786
3,-8,0,-2,1,-0.373953
3,-8,0,-2,2,-0.461029
3,-8,0,-2,3,-0.333775
-7,-5,-2,0,0,-0.385256
-7,-5,-2,0,1,-0.412174
-7,-5,-2,0,2,-50.2632
-7,-5,-2,0,3,-0.473855
4,-8,0,0,0,-0.391804
4,-8,0,0,1,-0.415294
4,-8,0,0,2,-0.476906
4,-8,0,0,3,-0.396484
0,-9,0,0,0,-0.275783
0,-9,0,0,1,-0.536424
0,-9,0,0,2,-0.28237
0,-9,0,0,3,-0.233888
9,-1,0,0,0,-0.180296
9,-1,0,0,1,-0.224207
9,-1,0,0,2,-0.108956
9,-1,0,0,3,-0.262258
9,-1,0,-1,0,-1.6874
9,-1,0,-1,1,-0.241278
9,-1,0,-1,2,-0.0823919
9,-1,0,-1,3,-0.239402
-4,-8,-2,0,0,-0.371284
-4,-8,-2,0,1,-0.362701
-4,-8,-2,0,2,-0.422652
-4,-8,-2,0,3,-0.461738
9,-2,0,0,0,-0.196334
9,-2,0,0,1,-0.291231
9,-2,0,0,2,-0.128247
9,-2,0,0,3,-0.318061
7,6,-1,0,0,-0.578439
7,6,-1,0,1,-0.491509
7,6,-1,0,2,-0.526975
7,6,-1,0,3,-0.509442
8,-5,0,0,0,-0.419462
8,-5,0,0,1,-0.452496
8,-5,0,0,2,-0.395979
8,-5,0,0,3,-0.383007
9,-3,0,0,0,-0.213895
9,-3,0,0,1,-0.353968
9,-3,0,0,2,-0.228919
9,-3,0,0,3,-0.360973
9,-3,0,-1,0,-0.222478
9,-3,0,-1,1,-0.349965
9,-3,0,-1,2,-0.221673
9,-3,0,-1,3,-0.379094
8,-5,0,-2,0,-0.329856
8,-5,0,-2,1,-0.510627
8,-5,0,-2,2,-0.429831
8,-5,0,-2,3,-0.458248
-9,3,-2,0,0,-0.450237
-9,3,-2,0,1,-0.307682
-9,3,-2,0,2,-1.10577
-9,3,-2,0,3,-0.292421
4,-9,0,0,0,-0.446014
4,-9,0,0,1,-0.391575
4,-9,0,0,2,-0.435807
4,-9,0,0,3,-0.385442
4,-9,-1,0,0,-0.427692
4,-9,-1,0,1,-0.35731
4,-9,-1,0,2,-0.471394
4,-9,-1,0,3,-0.376907
7,7,0,1,0,-0.550607
7,7,0,1,1,-0.475624
7,7,0,1,2,-0.426186
7,7,0,1,3,-0.503378
0,-10,0,0,0,-0.286072
0,-10,0,0,1,-0.0649385
0,-10,0,0,2,-0.211928
0,-10,0,0,3,-0.178462
1,-10,0,0,0,-0.276786
1,-10,0,0,1,-0.112416
1,-10,0,0,2,-0.243069
1,-10,0,0,3,-0.155832
10,-1,0,-1,0,-1.62212
10,-1,0,-1,1,-0.148647
10,-1,0,-1,2,0.0457118
10,-1,0,-1,3,-0.215354
2,-10,0,0,0,-0.314951
2,-10,0,0,1,-0.152391
2,-10,0,0,2,-0.286927
2,-10,0,0,3,-0.184461
10,-2,0,-1,0,-1.66956
10,-2,0,-1,1,-0.225358
10,-2,0,-1,2,-0.0428543
10,-2,0,-1,3,-0.182973
9,-5,0,0,0,-0.359516
9,-5,0,0,1,-0.463707
9,-5,0,0,2,-0.367188
9,-5,0,0,3,-0.457032
5,9,0,-1,0,-0.368201
5,9,0,-1,1,-0.467157
5,9,0,-1,2,-0.48091
5,9,0,-1,3,-0.374818
2,-10,0,-2,0,-0.322841
2,-10,0,-2,1,-0.161336
2,-10,0,-2,2,-0.321669
2,-10,0,-2,3,-0.202285
10,-3,0,0,0,-0.160658
10,-3,0,0,1,-0.297267
10,-3,0,0,2,-0.169936
10,-3,0,0,3,-0.291164
10,3,0,-1,0,-0.329844
10,3,0,-1,1,-0.159926
10,3,0,-1,2,-0.151529
10,3,0,-1,3,-0.351554
-8,-7,0,0,0,-0.495933
-8,-7,0,0,1,-0.546988
-8,-7,0,0,2,-0.528089
-8,-7,0,0,3,-0.479473
8,7,-1,0,0,-0.546266
8,7,-1,0,1,-0.496925
8,7,-1,0,2,-0.517993
8,7,-1,0,3,-0.527349
4,-10,0,0,0,-0.424373
4,-10,0,0,1,-0.304576
4,-10,0,0,2,-0.418203
4,-10,0,0,3,-0.285841
9,-6,0,0,0,-0.417285
9,-6,0,0,1,-0.484013
9,-6,0,0,2,-0.412474
9,-6,0,0,3,-0.496337
-9,6,-1,0,0,-0.557917
-9,6,-1,0,1,-0.483584
-9,6,-1,0,2,-0.532345
-9,6,-1,0,3,-0.470315
-4,-10,-2,0,0,-0.354732
-4,-10,-2,0,1,0.15364
-4,-10,-2,0,2,-0.181315
-4,-10,-2,0,3,-0.361887
0,-11,0,0,0,-0.165624
0,-11,0,0,1,0.0294997
0,-11,0,0,2,-0.110193
0,-11,0,0,3,-0.0696216
1,-11,0,0,0,-0.2212
1,-11,0,0,1,0.00525437
1,-11,0,0,2,-0.15437
1,-11,0,0,3,-0.0852679
-11,1,-1,0,0,-0.198811
-11,1,-1,0,1,-0.00971207
-11,1,-1,0,2,-0.194609
-11,1,-1,0,3,-0.000190844
2,-11,0,0,0,-0.238922
2,-11,0,0,1,-0.0587488
2,-11,0,0,2,-0.233143
2,-11,0,0,3,-0.105231
5,-10,0,-1,0,-0.44821
5,-10,0,-1,1,-0.333676
5,-10,0,-1,2,-0.453858
5,-10,0,-1,3,-0.348627
-8,-8,0,0,0,-0.533786
-8,-8,0,0,1,-0.484742
-8,-8,0,0,2,-0.545903
-8,-8,0,0,3,-0.544785
5,-10,0,-2,0,-0.463649
5,-10,0,-2,1,-0.375077
5,-10,0,-2,2,-0.479266
5,-10,0,-2,3,-0.380171
3,-11,0,0,0,-0.292664
3,-11,0,0,1,-0.147442
3,-11,0,0,2,-0.291197
3,-11,0,0,3,-0.149727
-11,3,0,-1,0,-0.331502
-11,3,0,-1,1,-0.168594
-11,3,0,-1,2,-0.321143
-11,3,0,-1,3,-0.184984
-8,-8,0,-2,0,-0.492902
-8,-8,0,-2,1,-0.499882
-8,-8,0,-2,2,-0.544303
-8,-8,0,-2,3,-0.541475
-7,-9,0,-2,0,-75.3885
-7,-9,0,-2,1,-0.464845
-7,-9,0,-2,2,-0.449826
-7,-9,0,-2,3,-0.507835
10,-6,0,0,0,-0.365975
10,-6,0,0,1,-0.437314
10,-6,0,0,2,-0.355604
10,-6,0,0,3,-0.461703
4,-11,0,0,0,-0.378559
4,-11,0,0,1,-0.226976
4,-11,0,0,2,-0.351309
4,-11,0,0,3,-0.20793
-4,11,0,-1,0,-0.127088
-4,11,0,-1,1,-0.244269
-4,11,0,-1,2,-0.145233
-4,11,0,-1,3,-0.270094
-10,6,0,-2,0,-6.70959
-10,6,0,-2,1,-0.378011
-10,6,0,-2,2,-0.527773
-10,6,0,-2,3,-0.426618
4,-11,0,-2,0,-0.614042
4,-11,0,-2,1,-0.232506
4,-11,0,-2,2,-0.395463
4,-11,0,-2,3,-0.268882
0,12,0,0,0,0.340041
0,12,0,0,1,0.111424
0,12,0,0,2,0.160704
0,12,0,0,3,0.145579
-1,12,0,0,0,0.222101
-1,12,0,0,1,0.0487273
-1,12,0,0,2,0.257924
-1,12,0,0,3,0.0457745
11,-5,0,0,0,-0.216024
11,-5,0,0,1,-0.357121
11,-5,0,0,2,-0.259313
11,-5,0,0,3,-0.362579
5,11,-1,0,0,-0.252736
5,11,-1,0,1,-0.379219
5,11,-1,0,2,-0.384087
5,11,-1,0,3,-0.207238
-2,12,0,0,0,0.1339
-2,12,0,0,1,-0.0456374
-2,12,0,0,2,0.141105
-2,12,0,0,3,-0.0908955
10,-7,0,0,0,-0.411261
10,-7,0,0,1,-0.48593
10,-7,0,0,2,-0.388817
10,-7,0,0,3,-0.84195
10,-7,0,-1,0,-0.402889
10,-7,0,-1,1,-0.435121
10,-7,0,-1,2,-0.407112
10,-7,0,-1,3,-0.367382
-12,2,0,-2,0,-0.147954
-12,2,0,-2,1,0.0657972
-12,2,0,-2,2,-0.189502
-12,2,0,-2,3,-0.0154033
-3,12,0,0,0,0.0473841
-3,12,0,0,1,-0.120203
-3,12,0,0,2,0.0668394
-3,12,0,0,3,-0.137439
-12,3,0,-1,0,-0.264891
-12,3,0,-1,1,-0.106589
-12,3,0,-1,2,-0.25138
-12,3,0,-1,3,-0.108229
11,-6,0,0,0,-0.305715
11,-6,0,0,1,-0.404572
11,-6,0,0,2,-0.288136
11,-6,0,0,3,-0.415857
-11,6,-1,0,0,-0.48777
-11,6,-1,0,1,-0.391121
-11,6,-1,0,2,-0.469956
-11,6,-1,0,3,-0.370434
-4,12,0,0,0,-0.0298222
-4,12,0,0,1,-0.211167
-4,12,0,0,2,-0.0180526
-4,12,0,0,3,-0.22306
4,12,1,0,0,-0.0825892
4,12,1,0,1,-0.250851
4,12,1,0,2,-0.283963
4,12,1,0,3,-0.0482843
-9,-9,0,0,0,-0.543473
-9,-9,0,0,1,-0.492653
-9,-9,0,0,2,-0.526557
-9,-9,0,0,3,-0.447268
-9,9,0,-1,0,-0.450094
-9,9,0,-1,1,-0.532623
-9,9,0,-1,2,-0.536312
-9,9,0,-1,3,-0.450727
10,-8,0,0,0,-0.437132
10,-8,0,0,1,-0.449332
10,-8,0,0,2,-0.465308
10,-8,0,0,3,-0.507741
10,-8,0,-1,0,-0.446511
10,-8,0,-1,1,-0.417687
10,-8,0,-1,2,-0.427488
10,-8,0,-1,3,-0.513987
-9,9,-2,0,0,-0.42465
-9,9,-2,0,1,-0.484248
-9,9,-2,0,2,-0.557391
-9,9,-2,0,3,-0.424958
-10,-8,0,-2,0,-12.893
-10,-8,0,-2,1,-0.482524
-10,-8,0,-2,2,-0.56113
-10,-8,0,-2,3,-0.379715
0,13,0,0,0,0.47952
0,13,0,0,1,0.221254
0,13,0,0,2,0.224975
0,13,0,0,3,0.0347816
11,-7,0,0,0,-0.35471
11,-7,0,0,1,-0.448771
11,-7,0,0,2,-0.346166
11,-7,0,0,3,-0.411906
1,13,0,-1,0,0.353014
1,13,0,-1,1,0.16632
1,13,0,-1,2,0.148469
1,13,0,-1,3,0.409157
-2,13,0,0,0,0.233066
-2,13,0,0,1,0.0402946
-2,13,0,0,2,0.248807
-2,13,0,0,3,0.0416385
2,13,0,1,0,0.148297
2,13,0,1,1,-0.49502
2,13,0,1,2,-0.0522116
2,13,0,1,3,0.174941
-2,-13,0,-2,0,-0.0680484
-2,-13,0,-2,1,0.16429
-2,-13,0,-2,2,0.137542
-2,-13,0,-2,3,0.0231306
-3,13,0,0,0,0.157692
-3,13,0,0,1,-0.0526634
-3,13,0,0,2,0.159263
-3,13,0,0,3,-0.0744509
-3,13,-1,0,0,0.139358
-3,13,-1,0,1,-0.0658345
-3,13,-1,0,2,0.149037
-3,13,-1,0,3,-0.055517
-12,-6,0,0,0,-0.239917
-12,-6,0,0,1,-0.346152
-12,-6,0,0,2,-0.360214
-12,-6,0,0,3,-0.244001
-10,-9,0,0,0,-0.412921
-10,-9,0,0,1,-0.430535
-10,-9,0,0,2,-0.514577
-10,-9,0,0,3,-0.443371
-9,10,0,-1,0,-0.403394
-9,10,0,-1,1,-0.492487
-9,10,0,-1,2,-0.462322
-9,10,0,-1,3,-0.3848
-12,6,0,-2,0,-0.430016
-12,6,0,-2,1,-0.252945
-12,6,0,-2,2,-0.444094
-12,6,0,-2,3,-0.340235
11,-8,0,0,0,-0.401369
11,-8,0,0,1,-0.374706
11,-8,0,0,2,-0.398178
11,-8,0,0,3,-25.4597
-13,4,0,-1,0,-0.280302
-13,4,0,-1,1,-0.12127
-13,4,0,-1,2,-0.254126
-13,4,0,-1,3,-0.119298
3,3,0,13,0,-50.1046
3,3,0,13,1,0
3,3,0,13,2,0.0313812
3,3,0,13,3,0
4,-13,-2,0,0,-0.257831
4,-13,-2,0,1,-0.115871
4,-13,-2,0,2,-0.235204
4,-13,-2,0,3,0.0149618
-7,-12,0,0,0,-0.432707
-7,-12,0,0,1,-0.323961
-7,-12,0,0,2,-0.330348
-7,-12,0,0,3,-0.448931
-13,5,0,0,0,-0.32924
-13,5,0,0,1,-0.202754
-13,5,0,0,2,-0.33266
-13,5,0,0,3,-0.217852
-5,13,-1,0,0,-0.0818169
-5,13,-1,0,1,-0.23791
-5,13,-1,0,2,-0.796586
-5,13,-1,0,3,-0.260272
0,14,0,0,0,0.683449
0,14,0,0,1,0.357986
0,14,0,0,2,0.299187
0,14,0,0,3,0.381456
1,14,0,0,0,0.353698
1,14,0,0,1,0.191621
1,14,0,0,2,0.236968
1,14,0,0,3,-11.9122
1,14,-1,0,0,0.337903
1,14,-1,0,1,0.165162
1,14,-1,0,2,0.214014
1,14,-1,0,3,0.687117
-10,-10,0,0,0,-0.45674
-10,-10,0,0,1,-0.371402
-10,-10,0,0,2,-0.501246
-10,-10,0,0,3,-0.391238
-14,-2,0,-1,0,0.309968
-14,-2,0,-1,1,0.125153
-14,-2,0,-1,2,0.104559
-14,-2,0,-1,3,0.307622
11,-9,0,0,0,-0.457907
11,-9,0,0,1,-0.300552
11,-9,0,0,2,-0.373192
11,-9,0,0,3,-0.4412
-9,11,-1,0,0,-0.340296
-9,11,-1,0,1,-0.428107
-9,11,-1,0,2,-0.443276
-9,11,-1,0,3,-0.320761
-2,2,-14,0,0,0.0484663
-2,2,-14,0,1,0.213778
-2,2,-14,0,2,0.18596
-2,2,-14,0,3,-0.0250812
-13,6,0,0,0,-0.38811
-13,6,0,0,1,-0.280233
-13,6,0,0,2,-0.399066
-13,6,0,0,3,-0.301591
-14,3,-1,0,0,-0.112496
-14,3,-1,0,1,0.0864275
-14,3,-1,0,2,-0.0984821
-14,3,-1,0,3,0.00353011
-8,-12,0,0,0,-0.48217
-8,-12,0,0,1,-0.40641
-8,-12,0,0,2,-0.333541
-8,-12,0,0,3,-0.38889
-13,6,0,-2,0,-6.63899
-13,6,0,-2,1,-0.20205
-13,6,0,-2,2,-0.398915
-13,6,0,-2,3,-0.243251
-4,5,0,13,0,0
-4,5,0,13,1,-0.146114
-4,5,0,13,2,0
-4,5,0,13,3,0
0,4,0,14,0,-12.7054
0,4,0,14,1,0.0874755
0,4,0,14,2,-0.0633995
0,4,0,14,3,0.0310319
1,4,0,14,0,-0.195341
1,4,0,14,1,-0.0209191
1,4,0,14,2,-0.150997
1,4,0,14,3,-0.0563567
3,3,14,0,0,-0.233608
3,3,14,0,1,-0.0573389
3,3,14,0,2,-25.2243
3,3,14,0,3,-0.107857
-2,4,0,14,0,-0.172061
-2,4,0,14,1,0.0456404
-2,4,0,14,2,-0.0817042
-2,4,0,14,3,-0.144295
-13,-7,0,0,0,-0.260337
-13,-7,0,0,1,-0.370152
-13,-7,0,0,2,-0.382801
-13,-7,0,0,3,-0.247306
-13,7,0,1,0,-0.311952
-13,7,0,1,1,-0.282051
-13,7,0,1,2,-0.451511
-13,7,0,1,3,-0.351509
-10,-11,0,0,0,-0.450127
-10,-11,0,0,1,-0.345718
-10,-11,0,0,2,-0.443547
-10,-11,0,0,3,-0.380084
-10,11,-1,0,0,-0.26923
-10,11,-1,0,1,-0.395044
-10,11,-1,0,2,-0.402808
-10,11,-1,0,3,-0.268651
-9,-12,0,0,0,-0.444448
-9,-12,0,0,1,-0.358115
-9,-12,0,0,2,-0.436545
-9,-12,0,0,3,-0.304801
1,15,0,0,0,0.372736
1,15,0,0,1,0.395847
1,15,0,0,2,0.356436
1,15,0,0,3,0.739509
-1,-15,0,-1,0,0.208425
-1,-15,0,-1,1,0.272409
-1,-15,0,-1,2,0.615558
-1,-15,0,-1,3,0.334689
4,4,0,14,0,-0.355547
4,4,0,14,1,-0.164164
4,4,0,14,2,-0.361861
4,4,0,14,3,-0.229828
-2,-15,0,0,0,0.187998
-2,-15,0,0,1,0.538225
-2,-15,0,0,2,0.605061
-2,-15,0,0,3,0.208339
-3,-5,0,-14,0,-0.114033
-3,-5,0,-14,1,-3.37048
-3,-5,0,-14,2,-0.0828401
-3,-5,0,-14,3,-0.256097
-14,-6,0,0,0,-0.0995845
-14,-6,0,0,1,-0.254573
-14,-6,0,0,2,-0.260949
-14,-6,0,0,3,-0.0684762
-13,8,0,0,0,-0.291817
-13,8,0,0,1,-0.396897
-13,8,0,0,2,-0.405354
-13,8,0,0,3,-12.7845
-13,8,0,-1,0,-0.277832
-13,8,0,-1,1,-0.385236
-13,8,0,-1,2,-0.407494
-13,8,0,-1,3,-0.307885
-3,-1,0,-15,0,0.244127
-3,-1,0,-15,1,0.0395428
-3,-1,0,-15,2,0.273628
-3,-1,0,-15,3,0.0551811
6,-14,-2,0,0,-0.351495
6,-14,-2,0,1,-0.227826
6,-14,-2,0,2,-0.356654
6,-14,-2,0,3,-0.12381
5,4,0,14,0,-0.425171
5,4,0,14,1,-0.265841
5,4,0,14,2,-0.404611
5,4,0,14,3,-0.296775
-3,2,-15,0,0,-0.0638249
-3,2,-15,0,1,0.0696895
-3,2,-15,0,2,0.160643
-3,2,-15,0,3,-0.118454
-4,0,-15,0,0,0.0767517
-4,0,-15,0,1,0.0789279
-4,0,-15,0,2,0.207647
-4,0,-15,0,3,-0.0451385
-4,-1,-15,0,0,0.131547
-4,-1,-15,0,1,0.00370291
-4,-1,-15,0,2,0.199106
-4,-1,-15,0,3,-0.0857862
-11,11,-1,0,0,-0.203478
-11,11,-1,0,1,-0.336085
-11,11,-1,0,2,-0.342879
-11,11,-1,0,3,-0.188381
-10,-12,0,0,0,-0.415567
-10,-12,0,0,1,-0.278782
-10,-12,0,0,2,-0.408113
-10,-12,0,0,3,-0.280011
-4,-2,-15,0,0,0.06338
-4,-2,-15,0,1,-0.115245
-4,-2,-15,0,2,0.0962259
-4,-2,-15,0,3,-0.188277
1,7,0,14,0,-0.184811
1,7,0,14,1,-0.28428
1,7,0,14,2,-0.365506
1,7,0,14,3,-0.270005
6,4,0,14,0,-0.480336
6,4,0,14,1,-0.351701
6,4,0,14,2,-0.45333
6,4,0,14,3,-0.350948
7,2,14,0,0,-0.435237
7,2,14,0,1,-0.329422
7,2,14,0,2,-50.2306
7,2,14,0,3,-0.274188
-4,3,-15,0,0,-0.198365
-4,3,-15,0,1,-0.0264145
-4,3,-15,0,2,-0.00104903
-4,3,-15,0,3,-3.30249
-13,9,0,-1,0,-0.208194
-13,9,0,-1,1,-0.353345
-13,9,0,-1,2,-0.339361
-13,9,0,-1,3,-0.205015
3,7,14,0,0,-0.38186
3,7,14,0,1,-0.365942
3,7,14,0,2,-0.39448
3,7,14,0,3,-0.35914
-4,4,-15,0,0,-0.284746
-4,4,-15,0,1,-0.108575
-4,4,-15,0,2,-0.134479
-4,4,-15,0,3,-50.2224
-5,8,0,13,0,-50.1122
-5,8,0,13,1,-0.233568
-5,8,0,13,2,0
-5,8,0,13,3,-0.349714
-5,3,-15,0,0,-0.287541
-5,3,-15,0,1,-0.114247
-5,3,-15,0,2,-0.13636
-5,3,-15,0,3,-0.274469
-14,8,0,0,0,-0.235956
-14,8,0,0,1,-0.342795
-14,8,0,0,2,-0.360342
-14,8,0,0,3,-0.251744
-15,-6,0,0,0,-0.012249
-15,-6,0,0,1,-0.146755
-15,-6,0,0,2,-0.170311
-15,-6,0,0,3,-0.0265742
-1,-6,0,-15,0,-0.0369195
-1,-6,0,-15,1,-0.208699
-1,-6,0,-15,2,-0.100613
-1,-6,0,-15,3,-0.201533
-2,8,0,14,0,-0.208187
-2,8,0,14,1,-0.321204
-2,8,0,14,2,-0.271939
-2,8,0,14,3,-0.368256
-11,-12,0,0,0,-0.33187
-11,-12,0,0,1,-0.202502
-11,-12,0,0,2,-0.347575
-11,-12,0,0,3,-0.197755
-4,-5,-15,0,0,-0.188149
-4,-5,-15,0,1,-0.316588
-4,-5,-15,0,2,-0.141806
-4,-5,-15,0,3,-0.318939
-7,7,0,13,0,-50
-7,7,0,13,1,0
-7,7,0,13,2,0
-7,7,0,13,3,-0.260359
6,-6,14,0,0,-0.381506
6,-6,14,0,1,-0.486951
6,-6,14,0,2,-0.528236
6,-6,14,0,3,-0.375162
-13,-10,0,0,0,-0.360699
-13,-10,0,0,1,-0.196929
-13,-10,0,0,2,-0.326863
-13,-10,0,0,3,-0.262597
-13,10,0,-1,0,-0.0303703
-13,10,0,-1,1,-0.273328
-13,10,0,-1,2,-0.272797
-13,10,0,-1,3,-0.0997545
-13,-10,0,-2,0,-0.319683
-13,-10,0,-2,1,-0.200042
-13,-10,0,-2,2,-0.375204
-13,-10,0,-2,3,-0.21123
0,-7,0,-15,0,-0.098167
0,-7,0,-15,1,-0.252316
0,-7,0,-15,2,-0.233668
0,-7,0,-15,3,-0.204146
-15,7,-1,0,0,-0.239546
-15,7,-1,0,1,-0.24053
-15,7,-1,0,2,-0.376314
-15,7,-1,0,3,-0.283211
-4,8,0,14,0,-0.311737
-4,8,0,14,1,-0.410126
-4,8,0,14,2,-0.295831
-4,8,0,14,3,-0.47191
-14,9,0,0,0,-0.153375
-14,9,0,0,1,-0.274856
-14,9,0,0,2,-0.277812
-14,9,0,0,3,-0.148395
9,1,14,0,0,-0.253585
9,1,14,0,1,-0.147038
9,1,14,0,2,-0.0699806
9,1,14,0,3,-0.270267
7,-6,14,0,0,-0.426656
7,-6,14,0,1,-0.525924
7,-6,14,0,2,-6.80997
7,-6,14,0,3,-0.435399
-7,8,0,13,0,0
-7,8,0,13,1,-0.228017
-7,8,0,13,2,-0.279889
-7,8,0,13,3,0
-3,7,-15,0,0,-0.356515
-3,7,-15,0,1,-0.263204
-3,7,-15,0,2,-0.342381
-3,7,-15,0,3,-0.388634
-5,8,0,14,0,-0.365205
-5,8,0,14,1,-0.453938
-5,8,0,14,2,-0.410414
-5,8,0,14,3,-0.496854
-5,6,-15,0,0,-0.429446
-5,6,-15,0,1,-0.353869
-5,6,-15,0,2,-0.374515
-5,6,-15,0,3,-0.556698
-12,-12,0,0,0,-0.278981
-12,-12,0,0,1,-0.129881
-12,-12,0,0,2,-0.296396
-12,-12,0,0,3,-0.138578
-15,8,0,0,0,-0.158768
-15,8,0,0,1,-0.322684
-15,8,0,0,2,-0.305642
-15,8,0,0,3,-0.176157
-4,-7,-15,0,0,-0.344576
-4,-7,-15,0,1,-0.410418
-4,-7,-15,0,2,-0.339673
-4,-7,-15,0,3,-0.444413
-13,11,-1,0,0,-0.0257444
-13,11,-1,0,1,-0.207963
-13,11,-1,0,2,-0.225564
-13,11,-1,0,3,-0.0498743
-12,12,0,-2,0,-0.0416224
-12,12,0,-2,1,-0.277106
-12,12,0,-2,2,-0.236984
-12,12,0,-2,3,-0.0458425
9,4,14,0,0,-0.44077
9,4,14,0,1,-0.310215
9,4,14,0,2,-1.0447
9,4,14,0,3,-0.426017
7,7,14,0,0,-0.538858
7,7,14,0,1,-0.52751
7,7,14,0,2,-0.519875
7,7,14,0,3,-0.518035
10,0,14,0,0,-0.0958942
10,0,14,0,1,-0.0619431
10,0,14,0,2,0.0555492
10,0,14,0,3,-0.131539
10,-1,14,0,0,-0.02314
10,-1,14,0,1,-0.148581
10,-1,14,0,2,0.00741441
10,-1,14,0,3,-0.182999
-3,8,-15,0,0,-0.293328
-3,8,-15,0,1,-0.36337
-3,8,-15,0,2,-0.299033
-3,8,-15,0,3,-0.435419
-5,7,-15,0,0,-0.44083
-5,7,-15,0,1,-0.392361
-5,7,-15,0,2,-0.430957
-5,7,-15,0,3,-0.522878
10,-2,14,0,0,-0.0942902
10,-2,14,0,1,-0.221753
10,-2,14,0,2,-0.0252144
10,-2,14,0,3,-0.24647
-9,5,-14,0,0,-0.492655
-9,5,-14,0,1,-0.415487
-9,5,-14,0,2,-0.509423
-9,5,-14,0,3,-0.43117
-4,8,-15,0,0,-0.347163
-4,8,-15,0,1,-0.416216
-4,8,-15,0,2,-0.381551
-4,8,-15,0,3,-0.683518
9,-15,0,0,0,-0.258831
9,-15,0,0,1,-0.135539
9,-15,0,0,2,-0.127615
9,-15,0,0,3,-0.227336
-9,-1,0,-15,0,-0.238998
-9,-1,0,-15,1,-0.26616
-9,-1,0,-15,2,-0.301278
-9,-1,0,-15,3,-0.174612
-7,8,0,14,0,-0.473785
-7,8,0,14,1,-0.530405
-7,8,0,14,2,-0.497223
-7,8,0,14,3,-0.561495
-7,-6,0,-15,0,-0.458057
-7,-6,0,-15,1,-0.545877
-7,-6,0,-15,2,-0.429258
-7,-6,0,-15,3,-0.458256
10,4,14,0,0,-0.39377
10,4,14,0,1,-0.20654
10,4,14,0,2,-0.192197
10,4,14,0,3,-0.304711
9,6,14,0,0,-0.525126
9,6,14,0,1,-0.428083
9,6,14,0,2,-6.64701
9,6,14,0,3,-0.513762
-13,12,0,-1,0,0.0422544
-13,12,0,-1,1,-0.132835
-13,12,0,-1,2,-0.104075
-13,12,0,-1,3,0.0367477
-3,9,-15,0,0,-0.186525
-3,9,-15,0,1,-0.36454
-3,9,-15,0,2,-0.241006
-3,9,-15,0,3,-0.370956
-14,11,0,0,0,0.0488949
-14,11,0,0,1,-0.143677
-14,11,0,0,2,-0.102573
-14,11,0,0,3,0.0332138
-14,11,0,-1,0,-49.8751
-14,11,0,-1,1,-0.144109
-14,11,0,-1,2,-0.141989
-14,11,0,-1,3,0.0268196
10,-5,14,0,0,-0.297034
10,-5,14,0,1,-0.401674
10,-5,14,0,2,-0.244858
10,-5,14,0,3,-0.411815
-4,-9,0,-15,0,-0.430226
-4,-9,0,-15,1,-0.285922
-4,-9,0,-15,2,-0.342218
-4,-9,0,-15,3,-0.420448
-7,7,-15,0,0,-0.558408
-7,7,-15,0,1,-0.511726
-7,7,-15,0,2,-0.513705
-7,7,-15,0,3,-0.536726
8,8,0,14,0,-0.496578
8,8,0,14,1,-0.543538
8,8,0,14,2,-0.521278
8,8,0,14,3,-0.527195
8,-6,0,-15,0,-0.462911
8,-6,0,-15,1,-0.5559
8,-6,0,-15,2,-0.428018
8,-6,0,-15,3,-0.500734
9,7,14,0,0,-0.516176
9,7,14,0,1,-0.474316
9,7,14,0,2,-14.4829
9,7,14,0,3,-0.540936
2,-10,0,-15,0,-0.322622
2,-10,0,-15,1,-0.168878
2,-10,0,-15,2,-0.359985
2,-10,0,-15,3,-0.165828
-5,-9,0,-15,0,-0.48334
-5,-9,0,-15,1,-25.3086
-5,-9,0,-15,2,-0.380703
-5,-9,0,-15,3,-0.471273
10,-6,14,0,0,-0.332824
10,-6,14,0,1,-0.433176
10,-6,14,0,2,-0.340596
10,-6,14,0,3,-0.470813
11,-4,14,0,0,-0.160247
11,-4,14,0,1,-0.296588
11,-4,14,0,2,-0.0934572
11,-4,14,0,3,-0.29038
-3,10,-15,0,0,-0.168683
-3,10,-15,0,1,-0.302994
-3,10,-15,0,2,-0.160543
-3,10,-15,0,3,-0.299997
-13,13,0,0,0,0.0868987
-13,13,0,0,1,-0.0464266
-13,13,0,0,2,-0.0684472
-13,13,0,0,3,0.11658
-13,-13,-1,0,0,-0.149802
-13,-13,-1,0,1,0.0627353
-13,-13,-1,0,2,-0.152935
-13,-13,-1,0,3,0.0847523
-14,12,0,0,0,0.107445
-14,12,0,0,1,-0.0551438
-14,12,0,0,2,-0.065387
-14,12,0,0,3,0.144562
4,-10,0,-15,0,-0.44067
4,-10,0,-15,1,-0.296912
4,-10,0,-15,2,-0.450565
4,-10,0,-15,3,-0.319327
9,-6,0,-15,0,-0.402652
9,-6,0,-15,1,-0.516177
9,-6,0,-15,2,-0.406385
9,-6,0,-15,3,-0.473836
-14,12,0,-2,0,0.141737
-14,12,0,-2,1,-0.0931268
-14,12,0,-2,2,-0.0911997
-14,12,0,-2,3,0.129106
10,7,14,0,0,-0.489933
10,7,14,0,1,-0.4245
10,7,14,0,2,-50.3734
10,7,14,0,3,-0.521002
-11,0,-15,0,0,-0.10034
-11,0,-15,0,1,-0.0520744
-11,0,-15,0,2,-0.142086
-11,0,-15,0,3,0.0539325
-11,-1,0,-15,0,-0.100173
-11,-1,0,-15,1,-0.148769
-11,-1,0,-15,2,-0.162488
-11,-1,0,-15,3,0.0216754
3,12,0,14,0,0.00220523
3,12,0,14,1,-0.1916
3,12,0,14,2,-0.268154
3,12,0,14,3,-0.189797
5,-10,0,-15,0,-0.475
5,-10,0,-15,1,-0.345202
5,-10,0,-15,2,-0.489667
5,-10,0,-15,3,-0.37963
6,11,0,14,0,-0.290118
6,11,0,14,1,-0.412937
6,11,0,14,2,-0.435
6,11,0,14,3,-0.308755
-8,11,0,13,0,-50.1155
-8,11,0,13,1,0
-8,11,0,13,2,0
-8,11,0,13,3,-0.241075
-7,9,-15,0,0,-0.408535
-7,9,-15,0,1,-0.543598
-7,9,-15,0,2,-0.457302
-7,9,-15,0,3,-0.514557
12,-4,14,0,0,-0.0838541
12,-4,14,0,1,-0.236198
12,-4,14,0,2,0.000835928
12,-4,14,0,3,-0.264974
-9,-9,-14,0,0,-0.553194
-9,-9,-14,0,1,-0.467973
-9,-9,-14,0,2,-0.380012
-9,-9,-14,0,3,-0.465902
-10,8,0,14,0,-0.417399
-10,8,0,14,1,-0.510872
-10,8,0,14,2,-0.534514
-10,8,0,14,3,-0.446093
6,-10,0,-15,0,-0.466088
6,-10,0,-15,1,-0.413701
6,-10,0,-15,2,-0.51309
6,-10,0,-15,3,-0.411651
-11,4,-15,0,0,-0.382243
-11,4,-15,0,1,-0.267908
-11,4,-15,0,2,-0.374497
-11,4,-15,0,3,-0.213546
13,5,13,0,0,0
13,5,13,0,1,0
13,5,13,0,2,-50.0258
13,5,13,0,3,0
-14,13,0,0,0,0.188673
-14,13,0,0,1,0.0221156
-14,13,0,0,2,-0.000491684
-14,13,0,0,3,0.258886
-14,13,0,-1,0,0.226641
-14,13,0,-1,1,0.0130408
-14,13,0,-1,2,0.000409031
-14,13,0,-1,3,0.321633
-12,0,0,-15,0,0.00191786
-12,0,0,-15,1,0.0737643
-12,0,0,-15,2,-0.07753
-12,0,0,-15,3,0.134416
-15,12,-1,0,0,0.234908
-15,12,-1,0,1,-0.0639651
-15,12,-1,0,2,0.0264587
-15,12,-1,0,3,0.128795
-11,-5,-15,0,0,-0.238575
-11,-5,-15,0,1,-0.351224
-11,-5,-15,0,2,-0.369317
-11,-5,-15,0,3,-0.201607
-2,-12,0,-15,0,-0.0913326
-2,-12,0,-15,1,0.163553
-2,-12,0,-15,2,0.0622419
-2,-12,0,-15,3,-0.119157
14,3,0,13,0,-50.0269
14,3,0,13,1,0
14,3,0,13,2,0
14,3,0,13,3,-0.00573216
6,12,14,0,0,-0.266279
6,12,14,0,1,-0.369651
6,12,14,0,2,-1.91107
6,12,14,0,3,-0.249434
9,10,14,0,0,-0.338876
9,10,14,0,1,-0.480137
9,10,14,0,2,-1.02738
9,10,14,0,3,-0.488958
-12,3,-15,0,0,-0.261266
-12,3,-15,0,1,-0.103232
-12,3,-15,0,2,-0.264207
-12,3,-15,0,3,-0.0858393
-4,13,0,14,0,0.0399018
-4,13,0,14,1,-0.218581
-4,13,0,14,2,0.0391571
-4,13,0,14,3,-0.166612
-11,-6,-15,0,0,-0.312511
-11,-6,-15,0,1,-0.42171
-11,-6,-15,0,2,-0.424382
-11,-6,-15,0,3,-50.2138
-12,4,-15,0,0,-0.3391
-12,4,-15,0,1,-0.198946
-12,4,-15,0,2,-0.191961
-12,4,-15,0,3,-0.142383
-9,-9,0,-15,0,-0.500334
-9,-9,0,-15,1,-0.472995
-9,-9,0,-15,2,-0.557399
-9,-9,0,-15,3,-0.462727
-8,-10,0,-15,0,-0.236803
-8,-10,0,-15,1,-1.20885
-8,-10,0,-15,2,-0.425857
-8,-10,0,-15,3,-0.475469
5,13,0,14,0,-0.150834
5,13,0,14,1,-0.250894
5,13,0,14,2,-0.266807
5,13,0,14,3,-0.012184
-14,14,0,0,0,0.263942
-14,14,0,0,1,0.100986
-14,14,0,0,2,0.10386
-14,14,0,0,3,0.33287
-1,14,0,14,0,0.442485
-1,14,0,14,1,0.205456
-1,14,0,14,2,0.463995
-1,14,0,14,3,0.309685
-13,0,-15,0,0,0.114341
-13,0,-15,0,1,0.204053
-13,0,-15,0,2,0.0654546
-13,0,-15,0,3,0.279245
-13,-1,0,-15,0,0.0252685
-13,-1,0,-15,1,-6.16642
-13,-1,0,-15,2,-0.0236425
-13,-1,0,-15,3,0.3243
14,2,14,0,0,0.124005
14,2,14,0,1,0.27946
14,2,14,0,2,0.123544
14,2,14,0,3,0.0407524
-13,2,-15,0,0,-0.128338
-13,2,-15,0,1,0.0713068
-13,2,-15,0,2,-0.127421
-13,2,-15,0,3,0.0961911
-13,6,-14,0,0,-0.388985
-13,6,-14,0,1,-0.231092
-13,6,-14,0,2,-0.404811
-13,6,-14,0,3,-1.06489
8,13,0,13,0,0
8,13,0,13,1,-0.195935
8,13,0,13,2,0
8,13,0,13,3,0
-13,3,-15,0,0,-0.211735
-13,3,-15,0,1,-0.0180654
-13,3,-15,0,2,-0.199956
-13,3,-15,0,3,-0.102898
8,-12,14,0,0,-0.411866
8,-12,14,0,1,-0.345109
8,-12,14,0,2,-0.290789
8,-12,14,0,3,-0.434512
-12,6,-15,0,0,-0.452604
-12,6,-15,0,1,-0.311424
-12,6,-15,0,2,-0.453146
-12,6,-15,0,3,-50.256
-9,-10,0,-15,0,-0.297819
-9,-10,0,-15,1,-25.372
-9,-10,0,-15,2,-0.469646
-9,-10,0,-15,3,-0.445696
-4,14,0,14,0,0.038635
-4,14,0,14,1,-0.0769401
-4,14,0,14,2,0.0963314
-4,14,0,14,3,-0.0759191
-13,-4,-15,0,0,-0.007216
-13,-4,-15,0,1,-0.172715
-13,-4,-15,0,2,-0.16908
-13,-4,-15,0,3,-0.215726
-11,11,0,13,0,-50.0158
-11,11,0,13,1,0
-11,11,0,13,2,-0.323082
-11,11,0,13,3,0
12,-10,13,0,0,-0.169792
12,-10,13,0,1,-0.240642
12,-10,13,0,2,0
12,-10,13,0,3,0
-13,7,-14,0,0,-0.345918
-13,7,-14,0,1,-0.310449
-13,7,-14,0,2,-0.447243
-13,7,-14,0,3,-0.208569
-5,14,0,14,0,0.0154217
-5,14,0,14,1,-0.163173
-5,14,0,14,2,0.0578011
-5,14,0,14,3,-0.18223
-12,7,-15,0,0,-0.414439
-12,7,-15,0,1,-0.383071
-12,7,-15,0,2,-0.498834
-12,7,-15,0,3,-0.360038
-5,13,-15,0,0,-0.0751757
-5,13,-15,0,1,-0.217506
-5,13,-15,0,2,-0.0918426
-5,13,-15,0,3,-0.24737
0,-15,0,-14,0,0.270025
0,-15,0,-14,1,0.183346
0,-15,0,-14,2,0.305011
0,-15,0,-14,3,0.305227
-14,-1,-15,0,0,0.287456
-14,-1,-15,0,1,0.253103
-14,-1,-15,0,2,0.181509
-14,-1,-15,0,3,0.413833
-14,-2,-15,0,0,0.22679
-14,-2,-15,0,1,0.132718
-14,-2,-15,0,2,0.0924865
-14,-2,-15,0,3,0.279799
-11,-9,-15,0,0,-0.456917
-11,-9,-15,0,1,-0.375906
-11,-9,-15,0,2,-0.5061
-11,-9,-15,0,3,-50.33
-6,14,0,14,0,-0.105996
-6,14,0,14,1,-0.228259
-6,14,0,14,2,-0.0972008
-6,14,0,14,3,-0.245963
8,13,0,14,0,-0.27157
8,13,0,14,1,-0.39649
8,13,0,14,2,-0.286058
8,13,0,14,3,-0.176603
-14,3,-15,0,0,-0.10309
-14,3,-15,0,1,0.0847671
-14,3,-15,0,2,-0.164453
-14,3,-15,0,3,-0.00337766
-12,8,-15,0,0,-0.329051
-12,8,-15,0,1,-0.364137
-12,8,-15,0,2,-0.474976
-12,8,-15,0,3,-0.311499
11,12,0,13,0,0
11,12,0,13,1,-0.133202
11,12,0,13,2,0
11,12,0,13,3,0
-14,-4,-15,0,0,0.0805951
-14,-4,-15,0,1,-0.0865259
-14,-4,-15,0,2,-0.0969954
-14,-4,-15,0,3,0.136804
11,-11,14,0,0,-0.34544
11,-11,14,0,1,-0.196804
11,-11,14,0,2,-0.142754
11,-11,14,0,3,-0.335139
-10,12,0,14,0,-0.182042
-10,12,0,14,1,-0.329059
-10,12,0,14,2,-0.344291
-10,12,0,14,3,-0.185197
7,14,14,0,0,-0.28604
7,14,14,0,1,-0.342587
7,14,14,0,2,-0.246081
7,14,14,0,3,-0.192304
-13,7,-15,0,0,-0.327041
-13,7,-15,0,1,-0.350135
-13,7,-15,0,2,-0.423197
-13,7,-15,0,3,-0.339234
-9,13,0,14,0,-0.234778
-9,13,0,14,1,-0.341085
-9,13,0,14,2,-0.313917
-9,13,0,14,3,-0.166954
-15,0,-15,0,0,0.306489
-15,0,-15,0,1,0.276296
-15,0,-15,0,2,0.34067
-15,0,-15,0,3,0.297234
-1,-15,0,-15,0,0.226242
-1,-15,0,-15,1,0.28986
-1,-15,0,-15,2,0.538477
-1,-15,0,-15,3,0.323214
-2,-15,0,-15,0,0.14146
-2,-15,0,-15,1,0.415733
-2,-15,0,-15,2,0.47017
-2,-15,0,-15,3,0.156943
-14,8,0,14,0,-50.0992
-14,8,0,14,1,-0.32063
-14,8,0,14,2,-0.358753
-14,8,0,14,3,-0.226767
-14,6,-15,0,0,-0.32916
-14,6,-15,0,1,-0.219893
-14,6,-15,0,2,-0.337947
-14,6,-15,0,3,-0.210613
-13,-8,-15,0,0,-0.319292
-13,-8,-15,0,1,-0.340216
-13,-8,-15,0,2,-0.433843
-13,-8,-15,0,3,-12.8068
-15,3,-15,0,0,-0.084755
-15,3,-15,0,1,0.0783877
-15,3,-15,0,2,-0.0660683
-15,3,-15,0,3,0.0205946
11,-12,14,0,0,-0.293032
11,-12,14,0,1,-0.127216
11,-12,14,0,2,-12.6771
11,-12,14,0,3,-0.261751
-10,13,0,14,0,-0.168603
-10,13,0,14,1,-0.262118
-10,13,0,14,2,-0.290623
-10,13,0,14,3,-0.0994204
-4,-15,0,-15,0,-0.0341955
-4,-15,0,-15,1,0.0845515
-4,-15,0,-15,2,0.207291
-4,-15,0,-15,3,-0.0227489
-11,-11,0,-15,0,-0.403912
-11,-11,0,-15,1,-0.253306
-11,-11,0,-15,2,-0.418023
-11,-11,0,-15,3,0.0134628
-10,-12,-15,0,0,-0.422302
-10,-12,-15,0,1,-0.27106
-10,-12,-15,0,2,-0.418405
-10,-12,-15,0,3,-0.234467
-14,7,-15,0,0,-0.29725
-14,7,-15,0,1,-0.300086
-14,7,-15,0,2,-0.406742
-14,7,-15,0,3,-0.283371
-9,14,0,14,0,-1.06758
-9,14,0,14,1,-0.273851
-9,14,0,14,2,-0.307091
-9,14,0,14,3,-0.100465
-5,-15,0,-15,0,-0.115056
-5,-15,0,-15,1,-0.0248242
-5,-15,0,-15,2,0.0824196
-5,-15,0,-15,3,-0.117946
13,-12,13,0,0,0
13,-12,13,0,1,0
13,-12,13,0,2,0.0348001
13,-12,13,0,3,0
-12,12,0,14,0,-0.804937
-12,12,0,14,1,-0.193677
-12,12,0,14,2,-0.197177
-12,12,0,14,3,-0.0167053
-14,8,-15,0,0,-0.221456
-14,8,-15,0,1,-0.335564
-14,8,-15,0,2,-0.345784
-14,8,-15,0,3,-0.60627
-6,-15,0,-15,0,-0.212227
-6,-15,0,-15,1,-0.112261
-6,-15,0,-15,2,-0.00639345
-6,-15,0,-15,3,-0.197298
-12,11,-15,0,0,-0.134943
-12,11,-15,0,1,-0.262427
-12,11,-15,0,2,-0.289156
-12,11,-15,0,3,-0.0752428
14,-10,0,-14,0,-0.209913
14,-10,0,-14,1,-3.05687
14,-10,0,-14,2,-0.119812
14,-10,0,-14,3,-0.224719
-13,-10,0,-15,0,-0.371579
-13,-10,0,-15,1,-0.184879
-13,-10,0,-15,2,-0.352357
-13,-10,0,-15,3,-0.213459
7,-15,0,-15,0,-0.337292
7,-15,0,-15,1,-0.341246
7,-15,0,-15,2,-0.228349
7,-15,0,-15,3,-0.214919
-14,-9,-15,0,0,-0.314461
-14,-9,-15,0,1,-0.219385
-14,-9,-15,0,2,-0.356455
-14,-9,-15,0,3,-0.219912
-13,13,0,13,0,-0.0713336
-13,13,0,13,1,0
-13,13,0,13,2,0
-13,13,0,13,3,0
-12,13,0,14,0,0.0328586
-12,13,0,14,1,-0.2554
-12,13,0,14,2,-0.144894
-12,13,0,14,3,0.0858582
-11,14,0,14,0,-0.0655737
-11,14,0,14,1,-0.11824
-11,14,0,14,2,-0.1442
-11,14,0,14,3,0.0818299
8,-15,0,-15,0,-0.327804
8,-15,0,-15,1,-0.261777
8,-15,0,-15,2,-0.143852
8,-15,0,-15,3,-0.297141
13,-11,0,-15,0,-0.250584
13,-11,0,-15,1,-0.220532
13,-11,0,-15,2,-0.0155682
13,-11,0,-15,3,-0.195472
-14,10,-15,0,0,-0.00874642
-14,10,-15,0,1,-0.225493
-14,10,-15,0,2,-0.201335
-14,10,-15,0,3,-0.0303285
9,-15,0,-15,0,-0.243031
9,-15,0,-15,1,-0.130118
9,-15,0,-15,2,-0.0880754
9,-15,0,-15,3,-0.265193
-13,13,0,14,0,0.125471
-13,13,0,14,1,-0.0486022
-13,13,0,14,2,-0.0682604
-13,13,0,14,3,0.14651
-12,14,0,14,0,0.0292014
-12,14,0,14,1,-0.00520523
-12,14,0,14,2,-0.0332257
-12,14,0,14,3,0.240113
-13,-12,-15,0,0,-0.203818
-13,-12,-15,0,1,-0.030022
-13,-12,-15,0,2,-0.218489
-13,-12,-15,0,3,-24.9955
11,-15,14,0,0,-0.0568761
11,-15,14,0,1,0.0582022
11,-15,14,0,2,0.196312
11,-15,14,0,3,-0.117726
-10,-15,0,-15,0,-0.267057
-10,-15,0,-15,1,-0.143432
-10,-15,0,-15,2,-0.217732
-10,-15,0,-15,3,-0.108671
14,13,14,0,0,0.226345
14,13,14,0,1,0.0789361
14,13,14,0,2,0.320744
14,13,14,0,3,0.0302788
-13,-13,-15,0,0,-0.159932
-13,-13,-15,0,1,0.0858474
-13,-13,-15,0,2,-0.14903
-13,-13,-15,0,3,0.13043
-15,12,-14,0,0,0.24409
-15,12,-14,0,1,-0.0320399
-15,12,-14,0,2,0.0330194
-15,12,-14,0,3,0.121013
-15,-11,-15,0,0,-0.215278
-15,-11,-15,0,1,-0.0319691
-15,-11,-15,0,2,-0.173354
-15,-11,-15,0,3,-0.0708326
14,14,14,0,0,0.557036
14,14,14,0,1,0.19234
14,14,14,0,2,0.31179
14,14,14,0,3,0.147265
-15,13,-14,0,0,0.280966
-15,13,-14,0,1,0.122751
-15,13,-14,0,2,0.139055
-15,13,-14,0,3,0.241903
15,-12,0,-15,0,-0.0531238
15,-12,0,-15,1,0.0360993
15,-12,0,-15,2,0.0579468
15,-12,0,-15,3,-0.0542937
-15,14,0,14,0,0.642809
-15,14,0,14,1,0.144964
-15,14,0,14,2,0.188512
-15,14,0,14,3,0.478483
-13,-15,0,-15,0,0.00142064
-13,-15,0,-15,1,0.161022
-13,-15,0,-15,2,-0.00264344
-13,-15,0,-15,3,0.210957
-14,-15,0,-15,0,0.105512
-14,-15,0,-15,1,0.305651
-14,-15,0,-15,2,0.0829462
-14,-15,0,-15,3,0.170613
-15,-15,0,-15,0,0.332066
-15,-15,0,-15,1,0.289002
-15,-15,0,-15,2,0.32392
-15,-15,0,-15,3,0.17356
